positive\1752757272.8397975.jpg 1 864 273 155 165
positive\1752757502.9488971.jpg 3 634 312 66 95 527 277 21 49 423 109 29 62
positive\1752757538.40565.jpg 1 230 49 578 533
positive\1752757542.6644225.jpg 1 112 146 806 394
positive\1752757547.515736.jpg 1 497 20 342 255
positive\1752757554.4883876.jpg 6 554 194 46 287 167 279 110 153 475 219 73 42 543 9 58 163 462 371 36 51 386 394 36 27
positive\1752757568.6435986.jpg 5 420 23 338 383 281 515 120 143 37 585 130 64 440 528 36 52 418 546 26 32
positive\1752757579.6110768.jpg 4 503 5 178 289 374 173 121 69 283 562 96 87 18 624 106 32
positive\1752757587.2510633.jpg 3 539 8 105 280 390 232 144 87 624 263 69 62
positive\1752757597.7791831.jpg 3 403 316 143 70 548 8 94 316 610 325 100 70
positive\1752757605.192685.jpg 3 400 333 164 88 564 9 64 314 620 369 78 44
positive\1752757613.519118.jpg 4 444 254 278 229 156 104 133 76 319 28 106 151 445 40 28 69
positive\1752757630.1328015.jpg 3 2 15 346 345 818 31 332 322 710 164 16 72
positive\1752757668.490888.jpg 4 234 207 94 126 1013 256 154 140 511 264 46 35 401 237 43 37
positive\1752757674.6847603.jpg 3 829 183 339 298 572 277 32 25 679 258 25 41
positive\1752757683.9902134.jpg 2 144 273 98 104 267 264 58 38
positive\1752757748.2151563.jpg 6 362 313 70 90 511 310 74 77 822 330 47 35 794 318 38 30 708 248 35 77 232 339 53 49
positive\1752757781.7942586.jpg 5 434 12 230 563 133 306 143 162 296 312 58 87 1049 382 104 61 760 351 38 54
positive\1752757830.2060764.jpg 3 458 70 274 492 1003 188 64 108 344 269 71 51
positive\1752757842.1711562.jpg 4 347 246 54 69 296 261 39 58 605 229 53 45 880 167 67 44
positive\1752757928.0797381.jpg 1 444 187 32 75
positive\1752757985.933467.jpg 1 702 135 316 328
positive\1752757988.5579634.jpg 1 684 166 325 282
positive\1752758000.3634884.jpg 1 467 268 129 135
positive\1752758017.5669572.jpg 1 511 55 140 182
positive\1752758030.5381854.jpg 1 209 103 247 433
positive\1752758096.949842.jpg 4 42 157 110 86 126 160 87 58 241 142 58 40 375 107 32 35
positive\1752758102.4394813.jpg 6 421 213 45 56 524 222 15 35 703 186 21 39 272 273 38 24 176 286 42 23 130 276 36 19
positive\1752758108.2460554.jpg 2 486 260 88 122 27 354 165 125
positive\1752758112.660072.jpg 2 618 124 100 213 531 262 46 66
positive\1752758174.641814.jpg 3 247 7 250 448 144 32 138 207 465 222 158 77
positive\1752758178.8944924.jpg 5 317 262 106 97 540 348 31 60 747 278 24 32 712 266 19 30 1069 341 62 75
positive\1752758191.515794.jpg 6 602 197 55 156 518 205 54 115 576 200 25 84 6 204 135 114 329 276 39 17 1076 216 101 100
positive\1752758197.7794468.jpg 4 804 321 87 172 400 420 34 38 508 412 27 39 574 416 26 32
positive\1752758205.8083274.jpg 3 48 286 307 338 515 311 32 53 706 310 22 49
positive\1752758220.3599434.jpg 1 144 225 697 393
positive\1752758224.2958663.jpg 1 146 11 563 310
positive\1752758227.2806172.jpg 1 289 34 325 292
positive\1752758231.9195518.jpg 1 52 32 600 521
positive\1752758236.9412146.jpg 6 499 27 200 394 992 221 154 140 768 249 56 37 871 258 34 79 15 295 112 55 348 259 22 66
positive\1752758245.2948766.jpg 2 447 34 207 538 378 330 52 30
positive\1752758252.9412603.jpg 4 410 307 29 34 736 305 48 72 840 341 43 46 559 322 23 21
positive\1752758261.1308782.jpg 3 484 187 41 137 759 426 56 55 324 341 65 16
positive\1752758270.5002666.jpg 2 462 305 168 132 136 145 124 145
positive\1752758284.0022883.jpg 2 31 258 76 52 895 272 33 34
positive\1752758304.7221334.jpg 2 500 163 110 110 26 164 157 120
positive\1752758360.7687786.jpg 1 254 13 207 160
positive\1752758407.3242607.jpg 1 732 246 121 126
positive\1752758418.668891.jpg 1 571 212 60 177
positive\1752758431.1590977.jpg 1 402 250 113 193
positive\1752758502.2752492.jpg 3 679 129 125 310 84 239 199 186 324 301 73 30
positive\1752758543.3192747.jpg 2 776 21 98 293 410 219 35 71
positive\1752758573.5453477.jpg 1 82 39 663 553
positive\1752758582.815175.jpg 3 915 349 259 282 678 462 62 91 533 462 44 25
positive\1752758603.859633.jpg 7 259 223 139 108 655 320 33 44 423 229 59 77 666 98 45 65 582 167 77 31 1005 327 162 168 688 9 32 86
positive\1752758782.1795177.jpg 4 642 189 64 184 557 171 86 57 546 236 25 117 749 225 38 128
positive\1752758911.0575156.jpg 2 273 68 196 289 12 217 265 159
positive\1752759067.1268125.jpg 1 512 201 55 103
positive\1752759087.6064177.jpg 1 353 313 88 57
positive\1752759136.4222755.jpg 1 282 11 235 302
positive\1752759145.3288193.jpg 1 293 105 241 487
positive\1752759156.882952.jpg 1 517 201 162 137
positive\1752759173.0531044.jpg 1 607 265 172 162
positive\1759156125.254183.jpg 1 360 267 90 165
positive\1759156137.5496528.jpg 5 412 215 92 265 8 247 78 226 268 319 38 55 526 441 52 36 1246 114 46 123
positive\1759156142.3762963.jpg 3 501 286 110 246 233 342 119 184 1208 516 28 41
positive\1759156268.7898662.jpg 3 49 79 276 396 1222 108 40 113 434 431 55 39
positive\1759156272.462052.jpg 1 251 134 118 360
positive\1759156584.4287148.jpg 2 340 152 189 362 234 311 76 171
positive\1759156588.5585747.jpg 5 194 31 292 503 754 468 32 39 519 385 30 39 1377 262 42 47 1307 295 30 33
positive\1759156591.3821788.jpg 4 363 34 232 505 132 382 124 95 874 476 33 32 660 397 30 23
positive\1759156596.1294932.jpg 4 521 36 250 582 413 399 95 104 802 414 26 33 1043 504 51 36
positive\1759156600.4703965.jpg 3 702 27 259 536 650 406 46 85 1312 515 102 50
positive\1759156609.8743825.jpg 3 691 26 252 575 641 424 52 78 1308 517 96 64
positive\1759156617.1678112.jpg 2 675 16 265 585 937 325 57 166
positive\1759156618.970936.jpg 2 681 29 259 579 935 331 61 166
positive\1759156626.7955008.jpg 2 706 4 265 542 970 269 65 189
positive\1759156640.3614962.jpg 4 708 28 228 329 1042 271 102 208 908 383 54 83 1505 298 90 83
positive\1759156645.9680626.jpg 3 689 202 211 324 1046 467 80 176 1476 491 56 67
positive\1759156650.2521806.jpg 2 702 274 235 326 1119 534 80 214
positive\1759156656.2074304.jpg 2 689 339 250 326 1347 465 284 339
positive\1759156665.4567802.jpg 3 800 418 206 306 1469 731 155 173 1499 417 143 182
positive\1759156673.5581238.jpg 4 763 287 148 358 648 410 64 133 1414 311 72 88 1126 373 63 53
positive\1759156679.0385756.jpg 2 713 237 181 405 907 412 41 115
positive\1759156687.0147357.jpg 1 301 23 1143 891
positive\1759156693.0315468.jpg 3 596 33 464 730 395 156 113 217 1379 279 268 288
positive\1759156698.4041681.jpg 2 15 61 582 761 992 310 139 213
positive\1759156702.9772835.jpg 2 343 65 311 633 1082 343 261 235
positive\1759156710.9464688.jpg 2 694 200 259 472 1 193 149 147
positive\1759156717.1192677.jpg 3 685 38 302 353 7 62 183 182 723 450 188 106
positive\1759156719.9678175.jpg 2 702 87 276 328 10 131 261 186
positive\1759156744.9450247.jpg 3 819 222 173 351 34 510 121 311 318 566 140 129
positive\1759156750.1076353.jpg 2 717 244 175 355 30 577 193 143
positive\1759156753.239064.jpg 2 731 227 156 264 15 590 146 197
positive\1759156756.6007063.jpg 1 705 344 203 260
positive\1759156759.3031728.jpg 1 755 326 141 162
positive\1759156808.7682214.jpg 2 830 348 114 218 1233 528 79 35
positive\1759156814.933691.jpg 4 793 379 61 116 984 357 45 98 1059 390 29 53 1372 450 113 90
positive\1759156818.4840944.jpg 4 766 401 109 141 1012 396 52 96 1077 419 31 62 1489 489 138 102
positive\1759156821.002864.jpg 4 769 400 112 152 1043 387 51 113 1112 421 31 61 1352 469 38 26
positive\1759156824.880335.jpg 3 708 398 184 298 280 721 122 116 1126 358 123 94
positive\1759156829.346623.jpg 4 700 278 216 378 300 660 116 94 438 590 75 94 1138 286 123 110
positive\1759156835.5126843.jpg 3 707 309 260 504 558 614 72 65 649 607 37 56
positive\1759156844.9767787.jpg 2 628 279 304 461 587 573 69 52
positive\1759156849.3349454.jpg 1 727 144 321 614
positive\1759156854.015893.jpg 1 667 163 313 534
positive\1759156859.8025079.jpg 3 575 107 425 342 76 318 156 129 1011 510 55 63
positive\1759156862.9013436.jpg 3 569 50 394 196 1 391 178 144 989 579 100 43
positive\1759156866.2795892.jpg 4 604 33 362 202 1133 627 172 65 450 351 85 85 359 355 71 49
positive\1759156869.8987882.jpg 3 658 386 341 136 518 638 30 88 445 631 31 58
positive\1759156875.9627202.jpg 1 657 297 281 278
positive\1759156880.1837256.jpg 1 745 379 143 147
positive\1759156887.526618.jpg 1 699 144 199 423
positive\1759156891.940991.jpg 1 726 51 212 474
positive\1759156896.4289615.jpg 1 747 46 207 447
positive\1759156897.5368762.jpg 1 744 25 228 499
positive\1759156908.0675097.jpg 2 710 28 222 521 1102 303 86 128
positive\1759156913.8488283.jpg 2 698 136 248 359 1472 307 126 214
positive\1759156917.2012584.jpg 3 711 288 238 278 652 692 84 70 1283 477 143 81
positive\1759156922.4973004.jpg 3 983 73 218 426 392 618 75 80 284 609 30 52
positive\1759156926.04034.jpg 2 581 51 308 560 897 535 46 57
positive\1759156929.6477416.jpg 1 633 132 285 305
positive\1759156933.0765452.jpg 2 647 307 281 271 848 810 102 71
positive\1759156936.1331556.jpg 1 722 341 180 174
positive\1759156942.4404166.jpg 3 678 417 91 114 302 334 113 77 996 469 70 39
positive\1759156945.1866066.jpg 2 619 352 154 198 1225 502 135 93
positive\1759156947.925917.jpg 1 657 344 222 295
positive\1759156951.040875.jpg 3 662 501 279 195 769 261 144 103 482 336 105 51
positive\1759156955.859377.jpg 3 702 416 328 271 752 36 259 172 488 190 121 58
positive\1759156984.2074518.jpg 2 619 140 203 500 35 339 238 98
positive\1759156986.7969742.jpg 2 720 141 193 529 380 286 99 77
positive\1759156989.7335484.jpg 2 708 472 186 179 666 27 309 326
positive\1759156992.5544448.jpg 3 643 242 280 229 133 311 91 112 686 506 95 48
positive\1759156994.8843608.jpg 3 682 263 235 184 813 497 62 54 408 372 44 74
positive\1759156997.1028104.jpg 2 755 252 214 172 75 40 81 260
positive\1759156999.5683382.jpg 4 740 249 174 173 1325 450 140 96 1534 466 78 69 492 318 79 61
positive\1759157002.0497978.jpg 3 759 197 234 198 184 426 75 95 422 417 35 64
positive\1759157010.5555177.jpg 2 261 93 151 129 4 186 170 154
positive\1759157044.0222883.jpg 3 813 174 32 150 900 255 21 66 652 122 30 92
positive\1759157048.3114138.jpg 5 737 108 57 297 677 84 71 104 543 143 50 110 890 283 33 87 1493 533 129 92
positive\1759157051.1202505.jpg 5 765 206 125 325 686 172 100 133 944 372 44 117 1159 485 37 83 880 114 78 75
positive\1759157053.8097882.jpg 4 712 42 238 641 597 113 189 124 982 375 68 155 1202 525 76 79
positive\1759157058.7296824.jpg 3 696 80 231 672 983 404 70 132 1234 559 45 69
positive\1759157066.2740061.jpg 3 679 9 240 432 983 256 96 180 470 78 80 170
positive\1759157068.7241302.jpg 5 713 34 142 491 564 26 162 163 969 348 116 172 539 217 41 147 1191 534 64 84
positive\1759157071.4384923.jpg 5 728 63 185 401 566 113 200 167 551 336 44 110 995 449 74 139 1240 610 43 55
positive\1759157074.125841.jpg 4 733 186 179 304 609 277 166 138 507 465 127 92 1028 591 73 184
positive\1759157081.3368733.jpg 1 670 111 232 382
positive\1759157083.4205563.jpg 3 715 277 209 248 2 45 184 81 1082 686 70 119
positive\1759157088.8702867.jpg 3 597 226 210 328 1122 495 271 191 80 209 105 43
positive\1759157091.4544241.jpg 1 713 173 245 402
positive\1759157096.4096737.jpg 1 683 268 253 381
positive\1759157097.2939863.jpg 1 689 306 226 340
positive\1759157108.7569098.jpg 1 684 291 281 529
positive\1759157128.1440244.jpg 1 659 318 270 266
positive\1759157131.8631222.jpg 1 729 271 203 138
positive\1759157134.6453767.jpg 1 544 246 491 316
positive\1759157138.3573716.jpg 1 660 284 288 227
positive\1759157140.7571604.jpg 1 742 310 165 151
positive\1759157175.5740678.jpg 1 542 156 210 515
positive\1759157177.9398263.jpg 3 674 116 255 546 358 388 86 120 1067 205 191 286
positive\1759157182.789584.jpg 3 724 17 263 510 1116 37 342 345 382 261 118 124
positive\1759157187.974114.jpg 3 322 400 131 124 693 103 219 574 1027 228 210 307
positive\1759157192.107057.jpg 3 723 318 242 570 1090 381 227 269 373 540 127 137
positive\1759157197.5106053.jpg 1 789 419 73 65
positive\1759157202.3297007.jpg 4 755 259 168 384 504 406 148 267 411 447 54 89 479 450 25 41
positive\1759157207.5451531.jpg 3 771 364 184 458 621 510 78 208 1059 402 48 69
positive\1759157213.532831.jpg 2 663 387 196 174 61 331 258 149
positive\1759157228.1657903.jpg 3 621 18 336 588 12 148 49 105 206 31 67 90
positive\1759157231.0172546.jpg 3 535 171 422 708 10 332 101 126 335 306 66 42
positive\1759157233.2983696.jpg 3 549 265 416 618 51 429 175 80 392 394 38 39
positive\1759157235.6602058.jpg 2 609 285 379 522 116 493 139 90
positive\1759157238.4491515.jpg 2 537 339 462 466 41 558 176 72
positive\1759157241.4096508.jpg 1 652 411 373 399
positive\1759157243.8917313.jpg 1 477 335 464 459
positive\1759157246.3138957.jpg 1 632 274 354 485
positive\1759157248.904298.jpg 2 650 17 353 637 442 580 104 125
positive\1759157252.7382727.jpg 1 625 64 459 734
positive\1759157255.226688.jpg 1 604 19 419 805
positive\1759157256.2779834.jpg 1 589 25 410 804
positive\1759157258.6919837.jpg 1 568 41 453 818
positive\1759157260.957123.jpg 1 650 51 436 781
positive\1759157262.8401654.jpg 1 653 23 365 719
positive\1759157265.3817172.jpg 1 668 15 307 591
positive\1759157268.0883307.jpg 1 667 12 374 395
positive\1759157271.2782881.jpg 1 633 133 335 431
positive\1759157273.309682.jpg 1 684 227 255 370
positive\1759157276.0485072.jpg 2 502 30 680 831 1462 261 129 151
positive\1759157281.7182481.jpg 1 652 301 182 329
positive\1759157284.17514.jpg 1 714 316 216 355
positive\1759157286.7041883.jpg 2 708 465 257 196 724 225 236 96
positive\1759157288.9532473.jpg 2 722 412 194 175 707 139 206 122
positive\1759157292.2037766.jpg 1 712 97 193 119
positive\1759157295.1487927.jpg 1 727 317 237 240
positive\1759157297.5218375.jpg 1 727 319 223 200
positive\1759157300.1682816.jpg 1 741 344 176 150
